400831689
400830786
400843692
400841965
400843693
400840255
400843694
400843695
400839319
400820713
400841714
400843696
400843697
400821335
400840089
